	H2-A-B_ASD	H2-A-M_ASD	H2-A-T_ASD	H2-B-B_ASD	H2-B-M_ASD	H2-B-T_ASD	H2-C-B_ASD	H2-C-M_ASD	H2-C-T_ASD	H3-A-B_ASD	H3-A-M_ASD	H3-A-T_ASD	H3-B-B_ASD	H3-B-M_ASD	H3-B-T_ASD	H3-C-B_ASD	H3-C-M_ASD	H3-C-T_ASD	H4-A-B_ASD	H4-A-M_ASD	H4-A-T_ASD	H4-B-B_ASD	H4-B-M_ASD	H4-B-T_ASD	H4-C-B_ASD	H4-C-M_ASD	H4-C-T_ASD	H5-A-M_ASD	H5-B-B_ASD	H5-B-M_ASD	H5-B-T_ASD	H5-C-B_ASD	H5-C-T_ASD	H6-A-B_ASD	H6-A-M_ASD	H6-A-T_ASD	H6-B-B_ASD	H6-B-M_ASD	H6-C-B_ASD	H6-C-M_ASD	H6-C-T_ASD	H7-B-B_ASD	H7-B-M_ASD	H7-B-T_ASD	H7-C-M_ASD	H7-C-T_ASD
H2-A-B_ASD	0.0	0.5717307692307693	0.6537692307692308	0.42888461538461536	0.5672692307692307	0.5805	0.4753846153846154	0.5271153846153847	0.5884615384615385	0.5932692307692308	0.7118076923076923	0.6967307692307693	0.5882307692307692	0.6356538461538461	0.6291538461538462	0.625	0.7156923076923077	0.7480384615384615	0.7658846153846154	0.6831538461538461	0.6972692307692308	0.7112692307692308	0.7093461538461538	0.6338076923076923	0.8012692307692307	0.6841923076923077	0.6697692307692308	0.7195384615384616	0.745423076923077	0.7058076923076924	0.6561153846153847	0.7761153846153847	0.624423076923077	0.6726923076923077	0.6722692307692307	0.5927692307692307	0.6058846153846154	0.6418461538461538	0.5812307692307692	0.6613076923076923	0.5595	0.6599615384615385	0.677	0.7103076923076923	0.6076153846153847	0.7121538461538461
H2-A-M_ASD	0.5717307692307693	0.0	0.5901538461538461	0.5959615384615384	0.5753076923076923	0.5955	0.6785769230769231	0.4381923076923077	0.5623076923076923	0.7423461538461539	0.7088461538461538	0.6581153846153847	0.6828461538461539	0.6700769230769231	0.6299615384615385	0.708	0.6801923076923077	0.6976153846153846	0.7538846153846154	0.6855	0.6540769230769231	0.7598076923076923	0.6256153846153846	0.5831923076923077	0.7917307692307692	0.6883846153846154	0.6010769230769231	0.662	0.7822307692307693	0.6429615384615385	0.5962692307692308	0.8210384615384615	0.6422307692307693	0.7056923076923077	0.6293076923076923	0.5955384615384616	0.7290769230769231	0.6172307692307692	0.7309615384615384	0.5967692307692307	0.557923076923077	0.6121153846153846	0.5869615384615384	0.6768076923076923	0.5198076923076923	0.6726153846153846
H2-A-T_ASD	0.6537692307692308	0.5901538461538461	0.0	0.637	0.5705769230769231	0.6981923076923077	0.6410384615384616	0.6037692307692307	0.6585384615384615	0.7713846153846153	0.8023846153846154	0.8042307692307692	0.7452307692307693	0.7641538461538462	0.7395384615384616	0.7343846153846154	0.819	0.8331538461538461	0.792923076923077	0.7875769230769231	0.8241538461538461	0.8368461538461538	0.7448461538461538	0.8013846153846154	0.8183461538461538	0.7482307692307693	0.7769615384615385	0.8227692307692308	0.8615384615384616	0.7145	0.7840769230769231	0.8501538461538461	0.7298461538461538	0.7371538461538462	0.737423076923077	0.7495384615384615	0.7307692307692307	0.7248846153846153	0.7055384615384616	0.6454230769230769	0.6498076923076923	0.7211923076923077	0.7547692307692307	0.8703076923076923	0.6742307692307692	0.7770384615384616
H2-B-B_ASD	0.42888461538461536	0.5959615384615384	0.637	0.0	0.5432307692307692	0.6402307692307693	0.5786153846153846	0.5414230769230769	0.6722692307692307	0.5886153846153847	0.7203076923076923	0.7210769230769231	0.5915384615384616	0.6827307692307693	0.6570384615384616	0.6203846153846154	0.7475	0.7213076923076923	0.7443076923076923	0.6994230769230769	0.7277307692307692	0.7498461538461538	0.6933846153846154	0.6907692307692308	0.7965769230769231	0.7147692307692308	0.7004615384615385	0.723423076923077	0.7594615384615384	0.6671153846153847	0.6597692307692308	0.7528076923076923	0.6561923076923077	0.6526923076923077	0.6686923076923077	0.6328846153846154	0.621	0.6595	0.5793846153846154	0.6126538461538461	0.5698461538461539	0.6796923076923077	0.7226538461538462	0.7521538461538462	0.6283076923076923	0.7622692307692308
H2-B-M_ASD	0.5672692307692307	0.5753076923076923	0.5705769230769231	0.5432307692307692	0.0	0.6256538461538461	0.6421538461538462	0.5396923076923077	0.6398461538461538	0.687076923076923	0.7301538461538462	0.7398076923076923	0.7119230769230769	0.6487307692307692	0.7197307692307693	0.6839615384615385	0.7588076923076923	0.7783846153846153	0.7600384615384616	0.6988076923076924	0.7536153846153846	0.8025769230769231	0.703076923076923	0.7015769230769231	0.8265769230769231	0.6675	0.726	0.7506923076923077	0.8167307692307693	0.6056538461538462	0.6708076923076923	0.7820384615384616	0.6368846153846154	0.673923076923077	0.603423076923077	0.6475384615384615	0.6612692307692307	0.6474230769230769	0.6695	0.5718846153846154	0.613	0.6363846153846154	0.6988461538461539	0.7686538461538461	0.5930769230769231	0.7159615384615384
H2-B-T_ASD	0.5805	0.5955	0.6981923076923077	0.6402307692307693	0.6256538461538461	0.0	0.6351538461538462	0.6049230769230769	0.5269615384615385	0.5698461538461539	0.5798461538461539	0.6342307692307693	0.5767307692307693	0.6386923076923077	0.5808461538461539	0.5104230769230769	0.7111153846153846	0.5937692307692307	0.7111923076923077	0.6233846153846154	0.5848846153846153	0.6427307692307692	0.6486923076923077	0.6051153846153846	0.7841153846153847	0.6848846153846154	0.5817692307692308	0.7110384615384615	0.7543076923076923	0.7283076923076923	0.6407692307692308	0.7656538461538461	0.6419615384615385	0.7026538461538462	0.6617692307692308	0.6309615384615385	0.701076923076923	0.7132307692307692	0.5913461538461539	0.7405384615384616	0.5543461538461538	0.6557307692307692	0.6397307692307692	0.6926538461538462	0.6193846153846154	0.6743461538461538
H2-C-B_ASD	0.4753846153846154	0.6785769230769231	0.6410384615384616	0.5786153846153846	0.6421538461538462	0.6351538461538462	0.0	0.5791923076923077	0.6178461538461538	0.6216923076923077	0.7270384615384615	0.7038076923076924	0.6558076923076923	0.6505384615384615	0.6468846153846154	0.6581153846153847	0.7749230769230769	0.7401153846153846	0.7733076923076924	0.7015384615384616	0.7673846153846153	0.774576923076923	0.7794615384615384	0.7241923076923077	0.7925384615384615	0.721423076923077	0.6647692307692308	0.7390384615384615	0.7904615384615384	0.7139615384615384	0.7347307692307692	0.764	0.7214615384615385	0.7303461538461539	0.7005384615384616	0.703076923076923	0.6484615384615384	0.7119615384615384	0.6186923076923077	0.7496538461538461	0.6164615384615385	0.679923076923077	0.6583461538461538	0.7596538461538461	0.7101153846153846	0.7035384615384616
H2-C-M_ASD	0.5271153846153847	0.4381923076923077	0.6037692307692307	0.5414230769230769	0.5396923076923077	0.6049230769230769	0.5791923076923077	0.0	0.5252692307692308	0.6982307692307692	0.7078461538461538	0.691	0.6866923076923077	0.5885769230769231	0.6172307692307692	0.7291153846153846	0.738	0.7067692307692308	0.7671153846153846	0.6562307692307693	0.7066153846153846	0.8246923076923077	0.6901538461538461	0.6627307692307692	0.83	0.6485384615384615	0.6031538461538462	0.7084230769230769	0.8314230769230769	0.6489615384615385	0.6893076923076923	0.808076923076923	0.6113461538461539	0.6959615384615384	0.6083461538461539	0.598	0.6560769230769231	0.5966538461538462	0.6725384615384615	0.6315	0.5762692307692308	0.6368461538461538	0.6125	0.7292692307692308	0.5387307692307692	0.6866538461538462
H2-C-T_ASD	0.5884615384615385	0.5623076923076923	0.6585384615384615	0.6722692307692307	0.6398461538461538	0.5269615384615385	0.6178461538461538	0.5252692307692308	0.0	0.6576153846153846	0.7076538461538462	0.6388846153846154	0.6895384615384615	0.5654615384615385	0.5819615384615384	0.7241153846153846	0.7503076923076923	0.7232692307692308	0.7064615384615385	0.6055384615384616	0.7171153846153846	0.7846153846153846	0.6593461538461538	0.7065	0.8202692307692308	0.5795384615384616	0.6086923076923076	0.7378846153846154	0.8176153846153846	0.7115769230769231	0.6676538461538462	0.7806923076923077	0.6123076923076923	0.6946538461538462	0.6434230769230769	0.5816923076923077	0.683923076923077	0.6640384615384616	0.6203461538461539	0.667923076923077	0.5213846153846153	0.6853461538461538	0.6390384615384616	0.7270384615384615	0.5888846153846153	0.6463846153846153
H3-A-B_ASD	0.5932692307692308	0.7423461538461539	0.7713846153846153	0.5886153846153847	0.687076923076923	0.5698461538461539	0.6216923076923077	0.6982307692307692	0.6576153846153846	0.0	0.5731153846153846	0.6366923076923077	0.47392307692307695	0.600423076923077	0.5703461538461538	0.4978461538461538	0.6580769230769231	0.5902692307692308	0.6807307692307693	0.6312307692307693	0.6463461538461538	0.6797692307692308	0.7005384615384616	0.6603846153846153	0.7266923076923076	0.6933846153846154	0.6482692307692308	0.6763846153846154	0.6326538461538461	0.6548461538461539	0.6551538461538462	0.6461923076923077	0.6748846153846154	0.7119615384615384	0.692076923076923	0.6766923076923077	0.6843461538461538	0.7218461538461538	0.6136923076923076	0.751423076923077	0.6031538461538462	0.7309230769230769	0.6735	0.6503846153846153	0.7200384615384615	0.7041153846153846
H3-A-M_ASD	0.7118076923076923	0.7088461538461538	0.8023846153846154	0.7203076923076923	0.7301538461538462	0.5798461538461539	0.7270384615384615	0.7078461538461538	0.7076538461538462	0.5731153846153846	0.0	0.5732307692307692	0.6030384615384615	0.6346923076923077	0.619	0.5717307692307693	0.6386153846153846	0.49688461538461537	0.6461153846153846	0.6145	0.5696923076923077	0.6035	0.5856923076923077	0.5534230769230769	0.7290769230769231	0.6953846153846154	0.6708846153846154	0.6251153846153846	0.703076923076923	0.6703461538461538	0.6093461538461539	0.6564615384615384	0.7189615384615384	0.7490769230769231	0.6577692307692308	0.677	0.7796538461538461	0.8013076923076923	0.7072692307692308	0.7673461538461539	0.6698461538461539	0.7316923076923076	0.646576923076923	0.6277307692307692	0.7122692307692308	0.6918461538461539
H3-A-T_ASD	0.6967307692307693	0.6581153846153847	0.8042307692307692	0.7210769230769231	0.7398076923076923	0.6342307692307693	0.7038076923076924	0.691	0.6388846153846154	0.6366923076923077	0.5732307692307692	0.0	0.6305	0.6555	0.6251923076923077	0.6478846153846154	0.6359230769230769	0.551	0.6744230769230769	0.6005769230769231	0.5898076923076923	0.7311923076923077	0.6392692307692308	0.5496923076923077	0.7398461538461538	0.7653846153846153	0.6307307692307692	0.6028461538461538	0.7210384615384615	0.681	0.5977692307692307	0.7065384615384616	0.7127692307692308	0.7898076923076923	0.6674615384615384	0.6401923076923077	0.8038461538461539	0.7804230769230769	0.7573076923076923	0.752423076923077	0.625423076923077	0.6707692307692308	0.6001923076923077	0.6134615384615385	0.7028846153846153	0.5716538461538462
H3-B-B_ASD	0.5882307692307692	0.6828461538461539	0.7452307692307693	0.5915384615384616	0.7119230769230769	0.5767307692307693	0.6558076923076923	0.6866923076923077	0.6895384615384615	0.47392307692307695	0.6030384615384615	0.6305	0.0	0.6459615384615385	0.6043846153846154	0.43253846153846154	0.6723461538461538	0.5915384615384616	0.6896923076923077	0.6624615384615384	0.5937307692307693	0.6279615384615385	0.6828846153846154	0.6156538461538461	0.7131153846153846	0.7508846153846154	0.6776153846153846	0.7003846153846154	0.646576923076923	0.7265384615384616	0.6223076923076923	0.7066153846153846	0.6727307692307692	0.7103076923076923	0.7050384615384615	0.6595769230769231	0.6751538461538461	0.7166538461538462	0.6120769230769231	0.7245	0.6319230769230769	0.7362692307692308	0.7134230769230769	0.6879615384615385	0.6993076923076923	0.7260384615384615
H3-B-M_ASD	0.6356538461538461	0.6700769230769231	0.7641538461538462	0.6827307692307693	0.6487307692307692	0.6386923076923077	0.6505384615384615	0.5885769230769231	0.5654615384615385	0.600423076923077	0.6346923076923077	0.6555	0.6459615384615385	0.0	0.5164615384615384	0.6618461538461539	0.6515384615384615	0.6185	0.7266923076923076	0.6489615384615385	0.7069615384615384	0.7656538461538461	0.7236923076923077	0.6425	0.8182307692307692	0.5751923076923077	0.618423076923077	0.6843846153846154	0.7802307692307693	0.678	0.6944230769230769	0.7493846153846154	0.5963076923076923	0.7474615384615385	0.6317307692307692	0.6059615384615384	0.6903461538461538	0.6501153846153847	0.6311153846153846	0.7292692307692308	0.615	0.7013076923076923	0.6791538461538461	0.7438846153846154	0.6511538461538462	0.7317307692307692
H3-B-T_ASD	0.6291538461538462	0.6299615384615385	0.7395384615384616	0.6570384615384616	0.7197307692307693	0.5808461538461539	0.6468846153846154	0.6172307692307692	0.5819615384615384	0.5703461538461538	0.619	0.6251923076923077	0.6043846153846154	0.5164615384615384	0.0	0.61	0.6156923076923076	0.5261538461538462	0.7104615384615385	0.6238076923076923	0.5909615384615384	0.7136538461538462	0.6533846153846153	0.6333846153846154	0.7488846153846154	0.6208461538461538	0.5597692307692308	0.6777692307692308	0.7474615384615385	0.7019615384615384	0.6633461538461538	0.7518846153846154	0.6234615384615385	0.7395769230769231	0.6610769230769231	0.6181923076923077	0.7383076923076923	0.6835	0.6517692307692308	0.7133076923076923	0.5764615384615385	0.7419615384615385	0.680076923076923	0.7066923076923077	0.6417307692307692	0.7265
H3-C-B_ASD	0.625	0.708	0.7343846153846154	0.6203846153846154	0.6839615384615385	0.5104230769230769	0.6581153846153847	0.7291153846153846	0.7241153846153846	0.4978461538461538	0.5717307692307693	0.6478846153846154	0.43253846153846154	0.6618461538461539	0.61	0.0	0.6123846153846154	0.5340769230769231	0.691076923076923	0.6721923076923076	0.5765769230769231	0.5849230769230769	0.6671538461538462	0.627576923076923	0.8003076923076923	0.7616153846153846	0.7208461538461538	0.6905	0.6588846153846154	0.6942692307692307	0.6321538461538462	0.683923076923077	0.7255769230769231	0.6795769230769231	0.6648846153846154	0.686076923076923	0.7073461538461538	0.7379230769230769	0.5941153846153846	0.7322692307692308	0.6648461538461539	0.7269230769230769	0.6665	0.6942307692307692	0.6966153846153846	0.7012692307692308
H3-C-M_ASD	0.7156923076923077	0.6801923076923077	0.819	0.7475	0.7588076923076923	0.7111153846153846	0.7749230769230769	0.738	0.7503076923076923	0.6580769230769231	0.6386153846153846	0.6359230769230769	0.6723461538461538	0.6515384615384615	0.6156923076923076	0.6123846153846154	0.0	0.5922692307692308	0.7121923076923077	0.6701153846153847	0.651576923076923	0.7173076923076923	0.6653076923076923	0.6249230769230769	0.803	0.79	0.6909615384615385	0.6524230769230769	0.6975384615384616	0.6558076923076923	0.6676923076923077	0.725	0.7423076923076923	0.8018846153846154	0.7027692307692308	0.7209230769230769	0.8157692307692308	0.751423076923077	0.7640384615384616	0.7890384615384616	0.7528846153846154	0.7363846153846154	0.6391923076923077	0.6826538461538462	0.7116923076923077	0.7134230769230769
H3-C-T_ASD	0.7480384615384615	0.6976153846153846	0.8331538461538461	0.7213076923076923	0.7783846153846153	0.5937692307692307	0.7401153846153846	0.7067692307692308	0.7232692307692308	0.5902692307692308	0.49688461538461537	0.551	0.5915384615384616	0.6185	0.5261538461538462	0.5340769230769231	0.5922692307692308	0.0	0.6550384615384616	0.614	0.500423076923077	0.6649615384615385	0.6475	0.5656923076923077	0.7483076923076923	0.7330769230769231	0.6621153846153847	0.5872692307692308	0.7106923076923077	0.6660769230769231	0.6175	0.6509615384615385	0.7488461538461538	0.7771538461538462	0.665	0.6862307692307692	0.8000384615384616	0.7641538461538462	0.7473846153846154	0.7552692307692308	0.685076923076923	0.7507692307692307	0.639	0.6236153846153846	0.713	0.7068846153846153
H4-A-B_ASD	0.7658846153846154	0.7538846153846154	0.792923076923077	0.7443076923076923	0.7600384615384616	0.7111923076923077	0.7733076923076924	0.7671153846153846	0.7064615384615385	0.6807307692307693	0.6461153846153846	0.6744230769230769	0.6896923076923077	0.7266923076923076	0.7104615384615385	0.691076923076923	0.7121923076923077	0.6550384615384616	0.0	0.48215384615384616	0.6208846153846154	0.6415	0.6181153846153846	0.6418461538461538	0.7471538461538462	0.7498846153846154	0.7082692307692308	0.6491538461538462	0.6645	0.6901538461538461	0.6480769230769231	0.6571153846153847	0.7498076923076923	0.7976538461538462	0.7276923076923076	0.7278846153846154	0.8400384615384615	0.8013076923076923	0.7338461538461538	0.8136923076923077	0.7247307692307692	0.7684615384615384	0.7004615384615385	0.691923076923077	0.747	0.7144230769230769
H4-A-M_ASD	0.6831538461538461	0.6855	0.7875769230769231	0.6994230769230769	0.6988076923076924	0.6233846153846154	0.7015384615384616	0.6562307692307693	0.6055384615384616	0.6312307692307693	0.6145	0.6005769230769231	0.6624615384615384	0.6489615384615385	0.6238076923076923	0.6721923076923076	0.6701153846153847	0.614	0.48215384615384616	0.0	0.6063846153846154	0.6858461538461539	0.5961538461538461	0.586076923076923	0.7865	0.6655	0.6341923076923077	0.5711923076923077	0.7081153846153846	0.6340769230769231	0.6081923076923077	0.6534615384615384	0.6887692307692308	0.7440769230769231	0.6610384615384616	0.5873846153846154	0.7619615384615385	0.7252307692307692	0.6712692307692307	0.7529230769230769	0.6631923076923077	0.7015384615384616	0.6357692307692308	0.6711538461538461	0.6598461538461539	0.6453076923076924
H4-A-T_ASD	0.6972692307692308	0.6540769230769231	0.8241538461538461	0.7277307692307692	0.7536153846153846	0.5848846153846153	0.7673846153846153	0.7066153846153846	0.7171153846153846	0.6463461538461538	0.5696923076923077	0.5898076923076923	0.5937307692307693	0.7069615384615384	0.5909615384615384	0.5765769230769231	0.651576923076923	0.500423076923077	0.6208846153846154	0.6063846153846154	0.0	0.6026153846153847	0.6042307692307692	0.4713846153846154	0.7285384615384616	0.7341923076923077	0.6032692307692308	0.6469230769230769	0.6924615384615385	0.7054230769230769	0.5984615384615385	0.7013461538461538	0.7109615384615384	0.791923076923077	0.6652307692307692	0.6658846153846154	0.8178461538461539	0.7649230769230769	0.7551153846153846	0.7498461538461538	0.6591923076923077	0.7188846153846153	0.6703846153846154	0.6176923076923077	0.6868076923076923	0.7007307692307693
H4-B-B_ASD	0.7112692307692308	0.7598076923076923	0.8368461538461538	0.7498461538461538	0.8025769230769231	0.6427307692307692	0.774576923076923	0.8246923076923077	0.7846153846153846	0.6797692307692308	0.6035	0.7311923076923077	0.6279615384615385	0.7656538461538461	0.7136538461538462	0.5849230769230769	0.7173076923076923	0.6649615384615385	0.6415	0.6858461538461539	0.6026153846153847	0.0	0.651576923076923	0.6391923076923077	0.6488846153846154	0.8238846153846154	0.7726538461538461	0.7348076923076923	0.6602692307692307	0.7779230769230769	0.6716538461538462	0.7079230769230769	0.7835384615384615	0.8138846153846154	0.7637307692307692	0.7509230769230769	0.8573461538461539	0.8128846153846154	0.7443076923076923	0.8303076923076923	0.7635	0.8104230769230769	0.7667692307692308	0.7558846153846154	0.7866923076923077	0.7713461538461538
H4-B-M_ASD	0.7093461538461538	0.6256153846153846	0.7448461538461538	0.6933846153846154	0.703076923076923	0.6486923076923077	0.7794615384615384	0.6901538461538461	0.6593461538461538	0.7005384615384616	0.5856923076923077	0.6392692307692308	0.6828846153846154	0.7236923076923077	0.6533846153846153	0.6671538461538462	0.6653076923076923	0.6475	0.6181153846153846	0.5961538461538461	0.6042307692307692	0.651576923076923	0.0	0.542923076923077	0.7336153846153847	0.694076923076923	0.6612692307692307	0.6282307692307693	0.7131923076923077	0.6148461538461538	0.5558461538461539	0.7352307692307692	0.6776923076923077	0.7078461538461538	0.6448461538461538	0.614	0.7668076923076923	0.7481153846153846	0.7153076923076923	0.7016923076923077	0.6536538461538461	0.7141538461538461	0.6363846153846154	0.6938076923076923	0.6453846153846153	0.6472307692307693
H4-B-T_ASD	0.6338076923076923	0.5831923076923077	0.8013846153846154	0.6907692307692308	0.7015769230769231	0.6051153846153846	0.7241923076923077	0.6627307692307692	0.7065	0.6603846153846153	0.5534230769230769	0.5496923076923077	0.6156538461538461	0.6425	0.6333846153846154	0.627576923076923	0.6249230769230769	0.5656923076923077	0.6418461538461538	0.586076923076923	0.4713846153846154	0.6391923076923077	0.542923076923077	0.0	0.7623461538461539	0.6403076923076924	0.5868461538461538	0.559	0.6915769230769231	0.6310769230769231	0.5357692307692308	0.7288461538461538	0.6511923076923077	0.7448461538461538	0.6047307692307692	0.5926923076923077	0.7540769230769231	0.6942692307692307	0.7425	0.6776153846153846	0.6065	0.6699615384615385	0.5941538461538461	0.6328846153846154	0.6336923076923077	0.6416153846153846
H4-C-B_ASD	0.8012692307692307	0.7917307692307692	0.8183461538461538	0.7965769230769231	0.8265769230769231	0.7841153846153847	0.7925384615384615	0.83	0.8202692307692308	0.7266923076923076	0.7290769230769231	0.7398461538461538	0.7131153846153846	0.8182307692307692	0.7488846153846154	0.8003076923076923	0.803	0.7483076923076923	0.7471538461538462	0.7865	0.7285384615384616	0.6488846153846154	0.7336153846153847	0.7623461538461539	0.0	0.8468076923076923	0.7363461538461539	0.813	0.7650769230769231	0.8098461538461539	0.7525	0.7151923076923077	0.7793076923076923	0.8632307692307692	0.805076923076923	0.8041153846153846	0.8251153846153846	0.8407692307692308	0.8164615384615385	0.8448461538461538	0.7618076923076923	0.827	0.8161153846153846	0.7916923076923077	0.8516538461538462	0.7647692307692308
H4-C-M_ASD	0.6841923076923077	0.6883846153846154	0.7482307692307693	0.7147692307692308	0.6675	0.6848846153846154	0.721423076923077	0.6485384615384615	0.5795384615384616	0.6933846153846154	0.6953846153846154	0.7653846153846153	0.7508846153846154	0.5751923076923077	0.6208461538461538	0.7616153846153846	0.79	0.7330769230769231	0.7498846153846154	0.6655	0.7341923076923077	0.8238846153846154	0.694076923076923	0.6403076923076924	0.8468076923076923	0.0	0.6791538461538461	0.7345769230769231	0.8358846153846153	0.7157692307692308	0.6801923076923077	0.8051153846153846	0.6136153846153846	0.7375	0.6483076923076924	0.627423076923077	0.6945384615384615	0.6360769230769231	0.6871923076923077	0.6526153846153846	0.5803076923076923	0.7070384615384615	0.6871923076923077	0.7651153846153846	0.6399615384615385	0.7278076923076923
H4-C-T_ASD	0.6697692307692308	0.6010769230769231	0.7769615384615385	0.7004615384615385	0.726	0.5817692307692308	0.6647692307692308	0.6031538461538462	0.6086923076923076	0.6482692307692308	0.6708846153846154	0.6307307692307692	0.6776153846153846	0.618423076923077	0.5597692307692308	0.7208461538461538	0.6909615384615385	0.6621153846153847	0.7082692307692308	0.6341923076923077	0.6032692307692308	0.7726538461538461	0.6612692307692307	0.5868461538461538	0.7363461538461539	0.6791538461538461	0.0	0.7146153846153847	0.7818846153846154	0.7056923076923077	0.6802307692307692	0.7720384615384616	0.6468076923076923	0.7811153846153847	0.6407307692307692	0.6266153846153846	0.7521923076923077	0.7156153846153847	0.711076923076923	0.7621153846153846	0.5805769230769231	0.712	0.6344615384615384	0.6058461538461538	0.6566923076923077	0.6697692307692308
H5-A-M_ASD	0.7195384615384616	0.662	0.8227692307692308	0.723423076923077	0.7506923076923077	0.7110384615384615	0.7390384615384615	0.7084230769230769	0.7378846153846154	0.6763846153846154	0.6251153846153846	0.6028461538461538	0.7003846153846154	0.6843846153846154	0.6777692307692308	0.6905	0.6524230769230769	0.5872692307692308	0.6491538461538462	0.5711923076923077	0.6469230769230769	0.7348076923076923	0.6282307692307693	0.559	0.813	0.7345769230769231	0.7146153846153847	0.0	0.6445384615384615	0.5185384615384615	0.6049230769230769	0.6950384615384615	0.7186153846153847	0.7735384615384615	0.6625	0.6518076923076923	0.7967692307692308	0.7798846153846154	0.7767692307692308	0.7569230769230769	0.6916923076923077	0.710076923076923	0.589	0.6806153846153846	0.6761923076923076	0.6796923076923077
H5-B-B_ASD	0.745423076923077	0.7822307692307693	0.8615384615384616	0.7594615384615384	0.8167307692307693	0.7543076923076923	0.7904615384615384	0.8314230769230769	0.8176153846153846	0.6326538461538461	0.703076923076923	0.7210384615384615	0.646576923076923	0.7802307692307693	0.7474615384615385	0.6588846153846154	0.6975384615384616	0.7106923076923077	0.6645	0.7081153846153846	0.6924615384615385	0.6602692307692307	0.7131923076923077	0.6915769230769231	0.7650769230769231	0.8358846153846153	0.7818846153846154	0.6445384615384615	0.0	0.6371153846153846	0.7039615384615384	0.6490384615384616	0.7985384615384615	0.8260384615384615	0.7508461538461538	0.7401538461538462	0.8316153846153846	0.8178461538461539	0.751	0.8257307692307693	0.7645384615384615	0.7857307692307692	0.7111923076923077	0.6785769230769231	0.7903076923076923	0.7793461538461538
H5-B-M_ASD	0.7058076923076924	0.6429615384615385	0.7145	0.6671153846153847	0.6056538461538462	0.7283076923076923	0.7139615384615384	0.6489615384615385	0.7115769230769231	0.6548461538461539	0.6703461538461538	0.681	0.7265384615384616	0.678	0.7019615384615384	0.6942692307692307	0.6558076923076923	0.6660769230769231	0.6901538461538461	0.6340769230769231	0.7054230769230769	0.7779230769230769	0.6148461538461538	0.6310769230769231	0.8098461538461539	0.7157692307692308	0.7056923076923077	0.5185384615384615	0.6371153846153846	0.0	0.6253461538461539	0.6998461538461539	0.6523846153846153	0.7097307692307693	0.5904615384615385	0.6233846153846154	0.7512692307692308	0.6718846153846154	0.7171153846153846	0.6013846153846154	0.6596538461538461	0.6492307692307693	0.5865	0.6668076923076923	0.5909230769230769	0.7023846153846154
H5-B-T_ASD	0.6561153846153847	0.5962692307692308	0.7840769230769231	0.6597692307692308	0.6708076923076923	0.6407692307692308	0.7347307692307692	0.6893076923076923	0.6676538461538462	0.6551538461538462	0.6093461538461539	0.5977692307692307	0.6223076923076923	0.6944230769230769	0.6633461538461538	0.6321538461538462	0.6676923076923077	0.6175	0.6480769230769231	0.6081923076923077	0.5984615384615385	0.6716538461538462	0.5558461538461539	0.5357692307692308	0.7525	0.6801923076923077	0.6802307692307692	0.6049230769230769	0.7039615384615384	0.6253461538461539	0.0	0.7015769230769231	0.6610384615384616	0.7253076923076923	0.6065384615384616	0.5852307692307692	0.7303846153846154	0.6933846153846154	0.6995384615384616	0.6728846153846154	0.6062692307692308	0.6805384615384615	0.6198461538461538	0.6743076923076923	0.6508461538461539	0.6807307692307693
H5-C-B_ASD	0.7761153846153847	0.8210384615384615	0.8501538461538461	0.7528076923076923	0.7820384615384616	0.7656538461538461	0.764	0.808076923076923	0.7806923076923077	0.6461923076923077	0.6564615384615384	0.7065384615384616	0.7066153846153846	0.7493846153846154	0.7518846153846154	0.683923076923077	0.725	0.6509615384615385	0.6571153846153847	0.6534615384615384	0.7013461538461538	0.7079230769230769	0.7352307692307692	0.7288461538461538	0.7151923076923077	0.8051153846153846	0.7720384615384616	0.6950384615384615	0.6490384615384616	0.6998461538461539	0.7015769230769231	0.0	0.7978461538461539	0.814076923076923	0.7463076923076923	0.7665	0.8275384615384616	0.8362692307692308	0.7677307692307692	0.8174615384615385	0.7917307692307692	0.8263076923076923	0.7676538461538461	0.7003846153846154	0.8270384615384615	0.798
H5-C-T_ASD	0.624423076923077	0.6422307692307693	0.7298461538461538	0.6561923076923077	0.6368846153846154	0.6419615384615385	0.7214615384615385	0.6113461538461539	0.6123076923076923	0.6748846153846154	0.7189615384615384	0.7127692307692308	0.6727307692307692	0.5963076923076923	0.6234615384615385	0.7255769230769231	0.7423076923076923	0.7488461538461538	0.7498076923076923	0.6887692307692308	0.7109615384615384	0.7835384615384615	0.6776923076923077	0.6511923076923077	0.7793076923076923	0.6136153846153846	0.6468076923076923	0.7186153846153847	0.7985384615384615	0.6523846153846153	0.6610384615384616	0.7978461538461539	0.0	0.6945384615384615	0.6170769230769231	0.5752692307692308	0.6557307692307692	0.6216153846153846	0.6550769230769231	0.6150769230769231	0.5387692307692308	0.7106538461538462	0.7117307692307693	0.7201153846153846	0.64	0.7606923076923077
H6-A-B_ASD	0.6726923076923077	0.7056923076923077	0.7371538461538462	0.6526923076923077	0.673923076923077	0.7026538461538462	0.7303461538461539	0.6959615384615384	0.6946538461538462	0.7119615384615384	0.7490769230769231	0.7898076923076923	0.7103076923076923	0.7474615384615385	0.7395769230769231	0.6795769230769231	0.8018846153846154	0.7771538461538462	0.7976538461538462	0.7440769230769231	0.791923076923077	0.8138846153846154	0.7078461538461538	0.7448461538461538	0.8632307692307692	0.7375	0.7811153846153847	0.7735384615384615	0.8260384615384615	0.7097307692307693	0.7253076923076923	0.814076923076923	0.6945384615384615	0.0	0.638576923076923	0.6676153846153846	0.5910384615384615	0.6304615384615384	0.5889615384615384	0.6183846153846154	0.6457307692307692	0.7316538461538461	0.7436538461538461	0.817076923076923	0.6703076923076923	0.7927307692307692
H6-A-M_ASD	0.6722692307692307	0.6293076923076923	0.737423076923077	0.6686923076923077	0.603423076923077	0.6617692307692308	0.7005384615384616	0.6083461538461539	0.6434230769230769	0.692076923076923	0.6577692307692308	0.6674615384615384	0.7050384615384615	0.6317307692307692	0.6610769230769231	0.6648846153846154	0.7027692307692308	0.665	0.7276923076923076	0.6610384615384616	0.6652307692307692	0.7637307692307692	0.6448461538461538	0.6047307692307692	0.805076923076923	0.6483076923076924	0.6407307692307692	0.6625	0.7508461538461538	0.5904615384615385	0.6065384615384616	0.7463076923076923	0.6170769230769231	0.638576923076923	0.0	0.549	0.6636153846153846	0.613423076923077	0.6448846153846154	0.5958461538461538	0.5940384615384615	0.6936923076923077	0.5809615384615384	0.6890384615384615	0.6208076923076923	0.6756538461538462
H6-A-T_ASD	0.5927692307692307	0.5955384615384616	0.7495384615384615	0.6328846153846154	0.6475384615384615	0.6309615384615385	0.703076923076923	0.598	0.5816923076923077	0.6766923076923077	0.677	0.6401923076923077	0.6595769230769231	0.6059615384615384	0.6181923076923077	0.686076923076923	0.7209230769230769	0.6862307692307692	0.7278846153846154	0.5873846153846154	0.6658846153846154	0.7509230769230769	0.614	0.5926923076923077	0.8041153846153846	0.627423076923077	0.6266153846153846	0.6518076923076923	0.7401538461538462	0.6233846153846154	0.5852307692307692	0.7665	0.5752692307692308	0.6676153846153846	0.549	0.0	0.6302307692307693	0.5998076923076923	0.6298846153846154	0.6046153846153847	0.5351153846153847	0.6646923076923077	0.6459230769230769	0.6847307692307693	0.5786153846153846	0.6537692307692308
H6-B-B_ASD	0.6058846153846154	0.7290769230769231	0.7307692307692307	0.621	0.6612692307692307	0.701076923076923	0.6484615384615384	0.6560769230769231	0.683923076923077	0.6843461538461538	0.7796538461538461	0.8038461538461539	0.6751538461538461	0.6903461538461538	0.7383076923076923	0.7073461538461538	0.8157692307692308	0.8000384615384616	0.8400384615384615	0.7619615384615385	0.8178461538461539	0.8573461538461539	0.7668076923076923	0.7540769230769231	0.8251153846153846	0.6945384615384615	0.7521923076923077	0.7967692307692308	0.8316153846153846	0.7512692307692308	0.7303846153846154	0.8275384615384616	0.6557307692307692	0.5910384615384615	0.6636153846153846	0.6302307692307693	0.0	0.5995384615384616	0.5587307692307693	0.6559615384615385	0.6150384615384615	0.7431923076923077	0.7590769230769231	0.8051923076923077	0.7018846153846154	0.7814230769230769
H6-B-M_ASD	0.6418461538461538	0.6172307692307692	0.7248846153846153	0.6595	0.6474230769230769	0.7132307692307692	0.7119615384615384	0.5966538461538462	0.6640384615384616	0.7218461538461538	0.8013076923076923	0.7804230769230769	0.7166538461538462	0.6501153846153847	0.6835	0.7379230769230769	0.751423076923077	0.7641538461538462	0.8013076923076923	0.7252307692307692	0.7649230769230769	0.8128846153846154	0.7481153846153846	0.6942692307692307	0.8407692307692308	0.6360769230769231	0.7156153846153847	0.7798846153846154	0.8178461538461539	0.6718846153846154	0.6933846153846154	0.8362692307692308	0.6216153846153846	0.6304615384615384	0.613423076923077	0.5998076923076923	0.5995384615384616	0.0	0.6553846153846153	0.5973846153846154	0.5987307692307692	0.6998846153846154	0.7	0.7892692307692307	0.6116153846153846	0.7678846153846154
H6-C-B_ASD	0.5812307692307692	0.7309615384615384	0.7055384615384616	0.5793846153846154	0.6695	0.5913461538461539	0.6186923076923077	0.6725384615384615	0.6203461538461539	0.6136923076923076	0.7072692307692308	0.7573076923076923	0.6120769230769231	0.6311153846153846	0.6517692307692308	0.5941153846153846	0.7640384615384616	0.7473846153846154	0.7338461538461538	0.6712692307692307	0.7551153846153846	0.7443076923076923	0.7153076923076923	0.7425	0.8164615384615385	0.6871923076923077	0.711076923076923	0.7767692307692308	0.751	0.7171153846153846	0.6995384615384616	0.7677307692307692	0.6550769230769231	0.5889615384615384	0.6448846153846154	0.6298846153846154	0.5587307692307693	0.6553846153846153	0.0	0.6988076923076924	0.594	0.7598461538461538	0.7641923076923077	0.8049615384615385	0.7118076923076923	0.7815384615384615
H6-C-M_ASD	0.6613076923076923	0.5967692307692307	0.6454230769230769	0.6126538461538461	0.5718846153846154	0.7405384615384616	0.7496538461538461	0.6315	0.667923076923077	0.751423076923077	0.7673461538461539	0.752423076923077	0.7245	0.7292692307692308	0.7133076923076923	0.7322692307692308	0.7890384615384616	0.7552692307692308	0.8136923076923077	0.7529230769230769	0.7498461538461538	0.8303076923076923	0.7016923076923077	0.6776153846153846	0.8448461538461538	0.6526153846153846	0.7621153846153846	0.7569230769230769	0.8257307692307693	0.6013846153846154	0.6728846153846154	0.8174615384615385	0.6150769230769231	0.6183846153846154	0.5958461538461538	0.6046153846153847	0.6559615384615385	0.5973846153846154	0.6988076923076924	0.0	0.567076923076923	0.6853846153846154	0.7113461538461539	0.7425384615384616	0.5608846153846154	0.7321153846153846
H6-C-T_ASD	0.5595	0.557923076923077	0.6498076923076923	0.5698461538461539	0.613	0.5543461538461538	0.6164615384615385	0.5762692307692308	0.5213846153846153	0.6031538461538462	0.6698461538461539	0.625423076923077	0.6319230769230769	0.615	0.5764615384615385	0.6648461538461539	0.7528846153846154	0.685076923076923	0.7247307692307692	0.6631923076923077	0.6591923076923077	0.7635	0.6536538461538461	0.6065	0.7618076923076923	0.5803076923076923	0.5805769230769231	0.6916923076923077	0.7645384615384615	0.6596538461538461	0.6062692307692308	0.7917307692307692	0.5387692307692308	0.6457307692307692	0.5940384615384615	0.5351153846153847	0.6150384615384615	0.5987307692307692	0.594	0.567076923076923	0.0	0.6490769230769231	0.6433076923076924	0.6699615384615385	0.5935384615384616	0.6881538461538461
H7-B-B_ASD	0.6599615384615385	0.6121153846153846	0.7211923076923077	0.6796923076923077	0.6363846153846154	0.6557307692307692	0.679923076923077	0.6368461538461538	0.6853461538461538	0.7309230769230769	0.7316923076923076	0.6707692307692308	0.7362692307692308	0.7013076923076923	0.7419615384615385	0.7269230769230769	0.7363846153846154	0.7507692307692307	0.7684615384615384	0.7015384615384616	0.7188846153846153	0.8104230769230769	0.7141538461538461	0.6699615384615385	0.827	0.7070384615384615	0.712	0.710076923076923	0.7857307692307692	0.6492307692307693	0.6805384615384615	0.8263076923076923	0.7106538461538462	0.7316538461538461	0.6936923076923077	0.6646923076923077	0.7431923076923077	0.6998846153846154	0.7598461538461538	0.6853846153846154	0.6490769230769231	0.0	0.5667692307692308	0.7183461538461539	0.533	0.6700384615384616
H7-B-M_ASD	0.677	0.5869615384615384	0.7547692307692307	0.7226538461538462	0.6988461538461539	0.6397307692307692	0.6583461538461538	0.6125	0.6390384615384616	0.6735	0.646576923076923	0.6001923076923077	0.7134230769230769	0.6791538461538461	0.680076923076923	0.6665	0.6391923076923077	0.639	0.7004615384615385	0.6357692307692308	0.6703846153846154	0.7667692307692308	0.6363846153846154	0.5941538461538461	0.8161153846153846	0.6871923076923077	0.6344615384615384	0.589	0.7111923076923077	0.5865	0.6198461538461538	0.7676538461538461	0.7117307692307693	0.7436538461538461	0.5809615384615384	0.6459230769230769	0.7590769230769231	0.7	0.7641923076923077	0.7113461538461539	0.6433076923076924	0.5667692307692308	0.0	0.598	0.5066923076923077	0.5289615384615385
H7-B-T_ASD	0.7103076923076923	0.6768076923076923	0.8703076923076923	0.7521538461538462	0.7686538461538461	0.6926538461538462	0.7596538461538461	0.7292692307692308	0.7270384615384615	0.6503846153846153	0.6277307692307692	0.6134615384615385	0.6879615384615385	0.7438846153846154	0.7066923076923077	0.6942307692307692	0.6826538461538462	0.6236153846153846	0.691923076923077	0.6711538461538461	0.6176923076923077	0.7558846153846154	0.6938076923076923	0.6328846153846154	0.7916923076923077	0.7651153846153846	0.6058461538461538	0.6806153846153846	0.6785769230769231	0.6668076923076923	0.6743076923076923	0.7003846153846154	0.7201153846153846	0.817076923076923	0.6890384615384615	0.6847307692307693	0.8051923076923077	0.7892692307692307	0.8049615384615385	0.7425384615384616	0.6699615384615385	0.7183461538461539	0.598	0.0	0.6262307692307693	0.5285384615384615
H7-C-M_ASD	0.6076153846153847	0.5198076923076923	0.6742307692307692	0.6283076923076923	0.5930769230769231	0.6193846153846154	0.7101153846153846	0.5387307692307692	0.5888846153846153	0.7200384615384615	0.7122692307692308	0.7028846153846153	0.6993076923076923	0.6511538461538462	0.6417307692307692	0.6966153846153846	0.7116923076923077	0.713	0.747	0.6598461538461539	0.6868076923076923	0.7866923076923077	0.6453846153846153	0.6336923076923077	0.8516538461538462	0.6399615384615385	0.6566923076923077	0.6761923076923076	0.7903076923076923	0.5909230769230769	0.6508461538461539	0.8270384615384615	0.64	0.6703076923076923	0.6208076923076923	0.5786153846153846	0.7018846153846154	0.6116153846153846	0.7118076923076923	0.5608846153846154	0.5935384615384616	0.533	0.5066923076923077	0.6262307692307693	0.0	0.6006923076923077
H7-C-T_ASD	0.7121538461538461	0.6726153846153846	0.7770384615384616	0.7622692307692308	0.7159615384615384	0.6743461538461538	0.7035384615384616	0.6866538461538462	0.6463846153846153	0.7041153846153846	0.6918461538461539	0.5716538461538462	0.7260384615384615	0.7317307692307692	0.7265	0.7012692307692308	0.7134230769230769	0.7068846153846153	0.7144230769230769	0.6453076923076924	0.7007307692307693	0.7713461538461538	0.6472307692307693	0.6416153846153846	0.7647692307692308	0.7278076923076923	0.6697692307692308	0.6796923076923077	0.7793461538461538	0.7023846153846154	0.6807307692307693	0.798	0.7606923076923077	0.7927307692307692	0.6756538461538462	0.6537692307692308	0.7814230769230769	0.7678846153846154	0.7815384615384615	0.7321153846153846	0.6881538461538461	0.6700384615384616	0.5289615384615385	0.5285384615384615	0.6006923076923077	0.0
