	Feb10-r1-a_SPA	Feb10-r2-a_SPA	Feb10-r3-a_SPA	Feb10-r4-a_SPA	Feb10-r5-a_SPA	Feb10-r6-a_SPA	Feb10-r7-a_SPA	Feb7-1_SPA	Feb7-12_SPA	Feb7-15_SPA	Feb7-20_SPA	Feb7-3_SPA	Feb7-6_SPA	Feb7-9_SPA	Feb8-12_SPA	Feb8-15_SPA	Feb8-19_SPA	Feb8-2_SPA	Feb8-23_SPA	Feb8-27_SPA	Feb8-32_SPA	Feb8-33_SPA	Feb8-35_SPA	Feb8-37_SPA	Feb8-39_SPA	Feb8-41_SPA	Feb8-43_SPA	Feb8-45_SPA	Feb8-47_SPA	Feb8-49_SPA	Feb8-5_SPA	Feb8-51_SPA	Feb8-53_SPA	Feb8-55_SPA	Feb8-61_SPA	Feb8-65_SPA	Feb8-7_SPA	Feb8-9_SPA	Feb9-1-a_SPA	Feb9-1-b_SPA	Feb9-2-a_SPA	Feb9-2-b_SPA	Feb9-3-a_SPA	Feb9-3-b_SPA	Feb9-4-11_SPA	Feb9-4-14_SPA	Feb9-4-17_SPA	Feb9-4-2_SPA	Feb9-4-20_SPA	Feb9-4-22_SPA	Feb9-4-24_SPA	Feb9-4-26_SPA	Feb9-4-28_SPA	Feb9-4-30-a_SPA	Feb9-4-4_SPA	Feb9-4-6_SPA	Feb9-4-8_SPA	Feb9-4-a_SPA	Feb9-4-b_SPA	Feb9-5-a_SPA	Feb9-5-b_SPA	Feb9-6-a_SPA	Feb9-6-b_SPA	Feb9-7-a_SPA	Feb9-7-b_SPA	Feb9-8-a_SPA	Feb9-8-b_SPA	SG1-E-mid_SPA
Feb10-r1-a_SPA	0.0	0.26578679146769235	0.17897224843153847	0.13742270314461538	0.16336321581923077	0.17344790884384614	0.14269745756000002	0.23894942622384616	0.2988142796792308	0.15706941421692305	0.1536957649423077	0.16202691756692306	0.21478457936999995	0.12103291377615383	0.27640828657	0.16386256155846152	0.17987308410923075	0.27256687881384617	0.20079811285384613	0.18749207535307694	0.1833129615023077	0.1789054267623077	0.22070415497692306	0.18183709011230767	0.16847750189692307	0.16418960575	0.19316046016769228	0.21180924513307695	0.17961734695846154	0.12929687195230768	0.13347656002615382	0.14203954338461539	0.20359360930846154	0.19980579550692307	0.21550325142846155	0.18036456343846155	0.19382412234923074	0.19758230487076922	0.14959301076384618	0.26028705067923075	0.5314243630261539	0.3563021002476924	0.32784797237076924	0.23156078677769235	0.2831270749246154	0.29881005814846157	0.23341028324769236	0.25977225615307686	0.24086075267846152	0.3059966665461539	0.3545692127176924	0.6117451671446154	0.3200721299953847	0.5078923435084616	0.21123893694076928	0.7283444934061538	0.5328322375323076	0.3866025046107692	0.3035328996961538	0.21523309200846155	0.3848425813630769	0.25570172027923077	0.1672808471376923	0.47374308346769234	0.20480319109153847	0.18602856042	0.14818840228307695	0.17640881770153846
Feb10-r2-a_SPA	0.26578679146769235	0.0	0.1576006424792308	0.18655427285384618	0.28108088977769236	0.28994707676538467	0.1716470676	0.18985798980076923	0.0926122003976923	0.14820108007230776	0.13302910513307692	0.16753711764692308	0.18281891903	0.21141179053769235	0.28724016567769234	0.19739743945692306	0.18468215991076925	0.07724814200615385	0.23495300038615388	0.26856129667	0.12585516166384617	0.15229811840384616	0.11743886491230773	0.15942146104923077	0.18061791510615388	0.1384212088346154	0.15855208083076927	0.1234270505623077	0.1328517815415385	0.1915162526615385	0.18696083029846153	0.23217806012153847	0.3509652525776924	0.21213366479615386	0.16441461418230768	0.1349592806353846	0.12892543971538467	0.1903890830215385	0.3335133245623077	0.23314296484846156	0.6099613352569232	0.41229128322461545	0.48873605408153853	0.36675790231000005	0.19873456296	0.45775309110384627	0.4104950086169231	0.19780163227000003	0.31900941833076923	0.3568428542815385	0.396906629573077	0.7363903024384615	0.4456300159692308	0.5391119364038461	0.33026681343307696	0.8119786086353848	0.5745092694138462	0.4926626535984616	0.47507724297000004	0.3968530159146154	0.5002766091061538	0.36983682357153846	0.2505599540115385	0.5721539049384616	0.2809918989192307	0.2712479682861539	0.21035522654307698	0.18190590507076926
Feb10-r3-a_SPA	0.17897224843153847	0.1576006424792308	0.0	0.11287687083923079	0.16321830738615384	0.18069539423076925	0.09973844512846154	0.20455630359538463	0.20666945858923075	0.11086602627923076	0.08265163023538463	0.12949104196461536	0.20105533194153843	0.13470803803076922	0.23142214564615388	0.15529313588538463	0.13319812983615387	0.17507450528230772	0.20957362936846152	0.19821135692461536	0.12833193336307694	0.11196251393076925	0.12711794218999997	0.07597651271307695	0.11479871430692311	0.0939829055353846	0.13117572400384614	0.10452021426461541	0.0929552616146154	0.1261463791346154	0.12310829857923075	0.17194268094538462	0.26259319108	0.1616110861446154	0.16607735160615386	0.15701281382076926	0.09753797039461543	0.17185359912846154	0.2547584031553846	0.17064037520307693	0.5198409860315385	0.32269236135	0.37737488060692304	0.30091108582000003	0.21483999331000003	0.38774898918769235	0.32419340316384615	0.20592081069538462	0.2399645121146154	0.27435189680538474	0.3113817044538462	0.6381212615146155	0.3538752507176923	0.4700023260492308	0.2589011295907693	0.7286821171823079	0.5086680276392308	0.4082270497207693	0.35841833513076926	0.3222531808276924	0.40590802211923077	0.26223712669692306	0.16520588410923076	0.4994767271515386	0.21581101844153847	0.15528750734076924	0.1274334502346154	0.1565899696823077
Feb10-r4-a_SPA	0.13742270314461538	0.18655427285384618	0.11287687083923079	0.0	0.15402612094846155	0.1530540757176923	0.13199375115538464	0.24163433150230768	0.2320084492069231	0.14984897566769229	0.10551956875307693	0.1656619069453846	0.24187454074538464	0.16095058506538462	0.19912954768846153	0.0748107029507692	0.11429599280923075	0.2103628533123077	0.13277923273384615	0.13019526985153845	0.1216943916546154	0.1024325211746154	0.15024747955076923	0.10959675708153843	0.09548694797538461	0.11380879061769231	0.15153160200307692	0.1556338073146154	0.09794184352461537	0.09222066519692307	0.120301338	0.09362995665846154	0.20097827743461538	0.10220398038230769	0.16627046917923077	0.1703766686615385	0.09700600867230766	0.12107102213384616	0.18339491588846152	0.18182679427307694	0.49029711488000005	0.29536422904461546	0.3531860454523077	0.2242448149423077	0.24050417673846156	0.3151365358346154	0.2837164773369231	0.22713749007153844	0.17066065482769227	0.22590559284307699	0.2777409851546154	0.6151951534200001	0.30778284371538467	0.43986434188384615	0.1875541471376923	0.7042725271846154	0.4647796241476923	0.3522226347553846	0.3472628785023077	0.2484507414576923	0.37257369286307696	0.24602951293153846	0.12632079011	0.4530721453015385	0.16600034493307692	0.1344288705276923	0.08060132397538461	0.15532045041384618
Feb10-r5-a_SPA	0.16336321581923077	0.28108088977769236	0.16321830738615384	0.15402612094846155	0.0	0.07791587025076924	0.17106192016538463	0.2870182795692308	0.3191566439830769	0.18877173494230767	0.17496204842153845	0.20306594349076923	0.26431640657692307	0.1993319747046154	0.17575708037999996	0.17786415329153848	0.22077003324692307	0.30034965882538467	0.21207028176384618	0.13838136402461537	0.22899054514461542	0.2167370957215385	0.2195551459576923	0.17915998879153844	0.1897619504053846	0.19826273830153845	0.22044319254846154	0.20444386332923078	0.19643700878692305	0.19188681750076925	0.1844849512330769	0.1697600891423077	0.16096463858153845	0.16486514011384618	0.2550834882661539	0.24015727876538467	0.20606368981153844	0.2030057993469231	0.1455701375230769	0.22461550414769232	0.43706893298692306	0.23653927294384616	0.27978938295153843	0.20396739769076921	0.31772176525307694	0.2910787822461538	0.24016909432384614	0.3000577301476923	0.16533767416384612	0.20308322559307695	0.24636871816923078	0.5411514442976922	0.25289735166846156	0.4018616282815385	0.1605982653353846	0.6360275153007693	0.4308730006653846	0.29862372784846153	0.2547168953907692	0.2141384835630769	0.2877037557238461	0.15883232197384617	0.10257706930615387	0.41443437576384623	0.21956863472461538	0.1326681355315385	0.12912584985923076	0.23395474332846156
Feb10-r6-a_SPA	0.17344790884384614	0.28994707676538467	0.18069539423076925	0.1530540757176923	0.07791587025076924	0.0	0.20087643429000002	0.3104831330292308	0.3342674061461539	0.20872396891307693	0.18418255560000002	0.2263293162138461	0.28577643723692303	0.2043338598553846	0.15739551588153844	0.17762870686076926	0.22517339327307692	0.3117465213653846	0.20554047247769233	0.11748968320615386	0.23553519368153847	0.2168940349246154	0.2422925730161538	0.1857285533623077	0.1868688818284615	0.2009309267369231	0.22858498640846153	0.23070874790307694	0.20134705704230768	0.1936457210946154	0.18962420671923078	0.17006680300846155	0.13794931107076924	0.15381008524615386	0.2571544872307692	0.2550116032115385	0.21480759010384615	0.20998867629153847	0.1154138842953846	0.25358383549846153	0.4374251932853846	0.23242994429000002	0.2598615740992307	0.16227985562923078	0.3341029801269231	0.2616120027923077	0.21297206027769233	0.3237540711046154	0.16282975219461535	0.18945830536692315	0.23969014129846156	0.5197130246253847	0.2151575984592308	0.3928999568984616	0.14850016934769228	0.6263117839853847	0.417674117186923	0.27240345822384615	0.2389138646507692	0.18847578980000002	0.27848074778538456	0.14336026166153845	0.11631979958000002	0.39756924120846154	0.22318989128923075	0.14149995104846155	0.14323893594999998	0.2340219436992308
Feb10-r7-a_SPA	0.14269745756000002	0.1716470676	0.09973844512846154	0.13199375115538464	0.17106192016538463	0.20087643429000002	0.0	0.1538463557423077	0.20782249373307693	0.07958210909538463	0.09773192888076923	0.09310869428999997	0.15867017369923075	0.11149423652846156	0.27531445839615387	0.17202878568	0.13996890027538464	0.18799674034769231	0.22141148194461538	0.2001586420484615	0.11545408992384618	0.12840362252538465	0.11068606012307691	0.1107699907523077	0.1224868998246154	0.08189697167923077	0.10952151956923076	0.10742011474384616	0.1034865731323077	0.1129145161646154	0.11378427210461538	0.15555281946461538	0.24488347278999997	0.19612066404538459	0.14186575013923078	0.11053434301846156	0.11999766186461543	0.20038803938461539	0.2198876501684615	0.22126836326538463	0.5365829770599999	0.3396864256815385	0.3722191311292308	0.2823292029561538	0.20072954129692308	0.3723889478730769	0.30607871794769237	0.16073997824692307	0.23301470485230769	0.3085668799092308	0.3520224102376924	0.6560345284323077	0.36103831792461544	0.5052513592561538	0.24320553205615383	0.7459188613492308	0.5426202212769231	0.43184970682461543	0.36661967550076924	0.28789379697769235	0.4127227632523078	0.27865386582230767	0.15563562466076922	0.5051905472015386	0.22475409992384615	0.17929036554769232	0.14418212229384617	0.10940557864307693
Feb7-1_SPA	0.23894942622384616	0.18985798980076923	0.20455630359538463	0.24163433150230768	0.2870182795692308	0.3104831330292308	0.1538463557423077	0.0	0.1698701777076923	0.15330281237769233	0.19127720914153845	0.13274623182769232	0.09530251972923079	0.18518859847846153	0.3952168192923077	0.2511227117961538	0.20444210402846158	0.14392649459923076	0.2856354127253846	0.31363486282461533	0.19646356363384615	0.1996716188553846	0.1741503402761539	0.22590556217153848	0.22842790691000003	0.14862892447538462	0.17863219651769235	0.17347183151230772	0.20236348239307694	0.2065443240915385	0.2177899452161538	0.2586408876207692	0.35410370698307697	0.30771479594615386	0.15366891852769232	0.13292111585461536	0.2200839161484616	0.2929911359253846	0.31497011739692304	0.3216700536476923	0.6448345626884615	0.4475054230315385	0.4867011761023077	0.34218020457846154	0.14631312939615385	0.43244353705692307	0.3651288155715385	0.12909409672615385	0.3501824713392307	0.427037762953077	0.4620797277261539	0.7677250084484615	0.4699416561069232	0.6144769660246154	0.3290518310461538	0.85682174837	0.6506498854715385	0.5377510103853846	0.47467814170000006	0.3793714555861539	0.5283882714161539	0.38479349870923074	0.26095325834153843	0.6112325523669231	0.3045769704769231	0.29445405548230774	0.25730552945307694	0.14994457479461537
Feb7-12_SPA	0.2988142796792308	0.0926122003976923	0.20666945858923075	0.2320084492069231	0.3191566439830769	0.3342674061461539	0.20782249373307693	0.1698701777076923	0.0	0.16788979389615388	0.18425987591846155	0.19987998667230772	0.1908811631723077	0.24720100662307698	0.32414978821076923	0.22641310256076924	0.21000032620538467	0.09102621512846154	0.2661701042069231	0.30397214875384615	0.16395559073076924	0.18498970521076924	0.13656400539615388	0.20251144790846154	0.21681414162076929	0.17237698194769235	0.18249779977769234	0.14637515125538464	0.1686486594638462	0.21142995851461538	0.23312315933461533	0.25782748642230774	0.3841179787246154	0.2645153268476923	0.17989759403846156	0.1533498293684616	0.17778193097461542	0.24771783131769232	0.36323281475692315	0.2705682203846154	0.6495912424346155	0.44745853886230774	0.5245778017807692	0.40498144132461544	0.18385701129615384	0.4920770523907692	0.44172963403153853	0.20026651359384617	0.35833060066538464	0.4027210798346154	0.4436292614892309	0.776964795553077	0.4869087917007693	0.5928769788476923	0.36426045888461545	0.8540067594453845	0.6189504208392307	0.53315480937	0.5139782823892308	0.4307441233200001	0.5415818571053845	0.4004167523292307	0.27745979377076924	0.620411995436154	0.3106963607738462	0.31069264929769236	0.25609348984384617	0.20656205093615387
Feb7-15_SPA	0.15706941421692305	0.14820108007230776	0.11086602627923076	0.14984897566769229	0.18877173494230767	0.20872396891307693	0.07958210909538463	0.15330281237769233	0.16788979389615388	0.0	0.08712424572538459	0.09286122476230771	0.15059952640076923	0.11079297715615383	0.2920376192207692	0.16928138099692303	0.1483040959246154	0.16030098231538464	0.23028476987076918	0.21586624277769229	0.12085537031307694	0.12079504168999997	0.1171062706953846	0.12408152285230768	0.13730193555692308	0.09299774148384618	0.12868051463384617	0.11140655000230772	0.10860414243230768	0.12858576763846152	0.12219369503076918	0.1780059968153846	0.2617425714761538	0.20481405445307688	0.15040990602999998	0.12717095452000005	0.11706332448461537	0.19786862158461538	0.2338784845207692	0.22762360749461535	0.5604959507661538	0.35491515977692306	0.3935808919184615	0.28602690856076923	0.19973026037538463	0.3755547753038462	0.3079398465569231	0.1836395350238462	0.2589151575553845	0.33195170700307697	0.3618415283361539	0.6585896322830769	0.3700005502000001	0.5168485625684616	0.24870958867461537	0.7524811216307693	0.5595722844969231	0.4347230101784615	0.3730123508007692	0.30450057252076923	0.42823621350461527	0.27793293554538456	0.16410223447923072	0.51994615936	0.22764810146538458	0.2059329547953846	0.16414097467692307	0.11562975649538464
Feb7-20_SPA	0.1536957649423077	0.13302910513307692	0.08265163023538463	0.10551956875307693	0.17496204842153845	0.18418255560000002	0.09773192888076923	0.19127720914153845	0.18425987591846155	0.08712424572538459	0.0	0.10612810740461537	0.18254285766153844	0.11591520492461539	0.2588151321415384	0.12730663780692306	0.11700780775000001	0.15286898947307695	0.18775498976230767	0.1865486333384615	0.12312902859076927	0.09961704719538463	0.13690602994692308	0.0961838727253846	0.10250840393615383	0.09050871654153847	0.15034664448846152	0.1295289830092308	0.0838809137576923	0.10147646747615385	0.08486759448846151	0.15724124416384616	0.2524029389723077	0.16202439121076923	0.16347302803846153	0.15010758672384616	0.07805577806076923	0.14314581648538463	0.22699256627692305	0.19258378033076926	0.5405608802007692	0.33160311991461544	0.3891181723807692	0.2717088773230769	0.22666556076692307	0.3610647449615384	0.3111588091930769	0.2099600921830769	0.2195320077484615	0.2863257963746154	0.33441965314923083	0.6441582290500001	0.35648905053	0.47696676390000003	0.23038899456615386	0.7208113643961538	0.5145078198499999	0.3887475951684615	0.37464975126769234	0.28974904035076926	0.4040077933453846	0.2771024778246154	0.15669918814153844	0.4835961114207693	0.2027266852969231	0.18444872076230773	0.11814664464846156	0.13724865338846157
Feb7-3_SPA	0.16202691756692306	0.16753711764692308	0.12949104196461536	0.1656619069453846	0.20306594349076923	0.2263293162138461	0.09310869428999997	0.13274623182769232	0.19987998667230772	0.09286122476230771	0.10612810740461537	0.0	0.11630858472923078	0.11789301974307692	0.3231855835153846	0.1784601804453846	0.16009041058076923	0.17463374477307692	0.24106090439153846	0.24436219555384614	0.14753098158615385	0.14178243450615385	0.14322357770538463	0.15157642218076922	0.15278117382384615	0.09226056564615381	0.14609638698384614	0.12856443254153846	0.12361082444692309	0.14386556077923077	0.1344262371161538	0.19638756319461537	0.27731808746615383	0.23878677825230765	0.11433671706923076	0.1249493620146154	0.15284585091307692	0.2216489920946154	0.24227702221230768	0.25351903727384617	0.5799336250176923	0.37808523672538463	0.41857608664538454	0.28811502318615384	0.20053346763307692	0.3858293616923077	0.31002124559769234	0.14569034311230772	0.26156179143461533	0.3518201101115386	0.3886140079784616	0.6888345550423076	0.38831776949153846	0.5447005366415385	0.2534702284476923	0.7795540497315385	0.5799248127700001	0.4577863347746154	0.39600915327692304	0.3057215101630769	0.44261535546846154	0.3102084182230769	0.18522307356153844	0.5372241554161539	0.24868963823076923	0.20524547417153843	0.17726762742846153	0.11677070261461539
Feb7-6_SPA	0.21478457936999995	0.18281891903	0.20105533194153843	0.24187454074538464	0.26431640657692307	0.28577643723692303	0.15867017369923075	0.09530251972923079	0.1908811631723077	0.15059952640076923	0.18254285766153844	0.11630858472923078	0.0	0.15548234861384616	0.37954951815846155	0.2512053096976923	0.20676845531307692	0.16333083305	0.28974260590076917	0.3141794878292308	0.19652816908923076	0.20023740641076923	0.18034448231923078	0.2217764897946154	0.2242885506146154	0.15672036825384617	0.19376684430846153	0.17792837671999998	0.1974423046623077	0.2143106181669231	0.20403573759307692	0.26629139108076927	0.33745433001846153	0.3072214138969231	0.15367224218615383	0.14665137142384613	0.22135354646692312	0.2903325736392308	0.2994004240307692	0.31349170882	0.6309337418376924	0.43286559474076924	0.4744943450915384	0.3245609995661538	0.1802688154592308	0.41391444998461535	0.3387384052453846	0.1360222052153846	0.3305063960207692	0.424326522333077	0.4490240909615385	0.7309881805038462	0.4467942627207693	0.6041014547015384	0.31533130390153846	0.8305176408761539	0.646431150673077	0.5086776789499999	0.4370810187230769	0.3625747365861539	0.5016380454330769	0.36916675673076915	0.2539612820707692	0.584504097493077	0.30983187949692303	0.27969387832230774	0.24559033278384618	0.15266195025
Feb7-9_SPA	0.12103291377615383	0.21141179053769235	0.13470803803076922	0.16095058506538462	0.1993319747046154	0.2043338598553846	0.11149423652846156	0.18518859847846153	0.24720100662307698	0.11079297715615383	0.11591520492461539	0.11789301974307692	0.15548234861384616	0.0	0.31370677755384613	0.17625221212692305	0.14019037702076925	0.2097886124176923	0.21963883600076922	0.22324391657076922	0.14220787459846157	0.12686878778923075	0.16992154037923077	0.14639277661461536	0.14725031190076926	0.11206065268153848	0.15811501662076924	0.1647465818169231	0.14453228609000002	0.12006763086076923	0.1262046372346154	0.18372282781	0.25687187912	0.22332282655384617	0.16024231925384613	0.14899072840846156	0.15618216629153847	0.22029829322384614	0.2056392626676923	0.2574702871938461	0.5679149235700001	0.35744557548846156	0.38606470389153846	0.25345489812615385	0.22001906008230773	0.3424570629046153	0.26225612818846156	0.19356068383230768	0.2660617818161538	0.3309924756376924	0.3648034246369231	0.6347772875576924	0.3431434430807693	0.5264808304446155	0.2264716271184615	0.7553143022607693	0.56435146425	0.41269974897769235	0.3510250861415385	0.2674612083123077	0.41423148926538456	0.2757772662246154	0.19592968502153846	0.49607508235000003	0.2202596280507692	0.2120709197730769	0.16533725273307695	0.12179990319000003
Feb8-12_SPA	0.27640828657	0.28724016567769234	0.23142214564615388	0.19912954768846153	0.17575708037999996	0.15739551588153844	0.27531445839615387	0.3952168192923077	0.32414978821076923	0.2920376192207692	0.2588151321415384	0.3231855835153846	0.37954951815846155	0.31370677755384613	0.0	0.18096452100384616	0.22899144620692305	0.31928396657923075	0.16319006210538461	0.13078508866153848	0.24609810061076923	0.2303315497861539	0.25522248331923075	0.22257933528692309	0.24639753482230767	0.27800677845692306	0.2746154781823077	0.25331469235076925	0.2313732416376923	0.23469671028230768	0.26565650002692304	0.19533085463307692	0.15548934435846154	0.1528179942630769	0.31320988665692306	0.3107371266546154	0.21090125432692305	0.1933223222592308	0.19486163308153845	0.2582541109107692	0.41698699357461544	0.23740348896076927	0.30790415932230764	0.20260731725384618	0.3867818901869231	0.27710899701230773	0.3169963906484615	0.3847820919846153	0.19557885068846154	0.20398376606076923	0.24519897953230768	0.5554483178684615	0.26503027516846156	0.36631448064000005	0.17380133628615388	0.6260726804607694	0.3931716946053846	0.29436019740846153	0.2978465630953846	0.21633076637384618	0.3248262498823077	0.18699669228615387	0.1876768509446154	0.4127429910730769	0.27449268985846154	0.20877747319307693	0.2128758848207692	0.30446427947
Feb8-15_SPA	0.16386256155846152	0.19739743945692306	0.15529313588538463	0.0748107029507692	0.17786415329153848	0.17762870686076926	0.17202878568	0.2511227117961538	0.22641310256076924	0.16928138099692303	0.12730663780692306	0.1784601804453846	0.2512053096976923	0.17625221212692305	0.18096452100384616	0.0	0.08728836891230765	0.20106333558615386	0.08805619544923078	0.11844012774846155	0.13873978324692307	0.08489952672076923	0.1643575660538461	0.13217105124923073	0.11620514065999997	0.1364902870207692	0.16837588372307688	0.17338872991923077	0.10776375822307689	0.09827949934461536	0.14881299848923074	0.07327383030307694	0.20430832796230775	0.0883389895423077	0.16572661157923074	0.17139524394769232	0.11083710013230766	0.09431368939846155	0.19123753107000002	0.20959749445307693	0.5055287188369231	0.31506640986769235	0.38039757720153844	0.20941326471923083	0.2597954730307692	0.29968067313	0.2853883647369231	0.2478707788346154	0.19634341402307692	0.2480730601784616	0.29876020671461545	0.6380116365215385	0.32583575963230776	0.45077803648230774	0.1883806720746154	0.7210948524846155	0.4741788740753846	0.3629682725723077	0.3716579961823077	0.23382245474230776	0.3969172331769231	0.250307816593077	0.1348871167546154	0.47552143038153855	0.15866058126384613	0.16580430578615382	0.1031247599476923	0.15573941102
Feb8-19_SPA	0.17987308410923075	0.18468215991076925	0.13319812983615387	0.11429599280923075	0.22077003324692307	0.22517339327307692	0.13996890027538464	0.20444210402846158	0.21000032620538467	0.1483040959246154	0.11700780775000001	0.16009041058076923	0.20676845531307692	0.14019037702076925	0.22899144620692305	0.08728836891230765	0.0	0.18415238545076926	0.1016311008707692	0.15102731596692304	0.0969102027669231	0.05690807173153849	0.13304626100153846	0.11532656180615383	0.12293781873076923	0.11012233437307693	0.13638073162153846	0.14313516753615385	0.09754376372000001	0.07292435605076922	0.12202741815230767	0.1080866456630769	0.23349156326538464	0.13485916961923075	0.1258806041746154	0.13770405474461542	0.09584192966	0.1371661152784615	0.2290996548084615	0.23028120449307693	0.5545062322830769	0.3693910212553846	0.4239060877261538	0.24271774110230768	0.24002197833846156	0.32453908677307686	0.31807458480461537	0.21200157580846157	0.2423087466492307	0.2981467612369232	0.35109039442538464	0.6893918626661539	0.37601963481846157	0.5018630466315384	0.22065714537923076	0.7721426503723077	0.5273228927476923	0.41332513531692305	0.41755796501	0.26807764741923074	0.4397723651876923	0.29678551935769226	0.1799986808176923	0.5257334167600001	0.20275783231153843	0.20898945976	0.15261048393999999	0.10154784029538465
Feb8-2_SPA	0.27256687881384617	0.07724814200615385	0.17507450528230772	0.2103628533123077	0.30034965882538467	0.3117465213653846	0.18799674034769231	0.14392649459923076	0.09102621512846154	0.16030098231538464	0.15286898947307695	0.17463374477307692	0.16333083305	0.2097886124176923	0.31928396657923075	0.20106333558615386	0.18415238545076926	0.0	0.24274785081076924	0.28679103470384615	0.14773456456692308	0.15376650284538462	0.1365489328184616	0.17418132357076926	0.19905112768769234	0.1414442864115385	0.16031772697076926	0.14147230609307693	0.14732461458769233	0.19177631607538465	0.20155833627230768	0.2410119409784616	0.37166725019923075	0.23092769061769233	0.15269025001000003	0.13179971681692307	0.13668068830615387	0.20321906258461542	0.3459778967853846	0.2638884602284615	0.6301351559507693	0.4273145004938461	0.5024124180507693	0.3784060054807692	0.15686801909076922	0.46709504618846154	0.41056608450769233	0.16849439367461538	0.34331359622923074	0.3777415131092308	0.4136586139915385	0.7580694187076922	0.46422681557846157	0.5617651952946154	0.33982549093153847	0.8342299193461539	0.600109273486154	0.517639140163077	0.49017472891615393	0.40812062749615385	0.5266654001492308	0.3746768778823077	0.26101857811	0.5951358094876924	0.27785998499615383	0.2918445594923077	0.23543246168923082	0.1760074201123077
Feb8-23_SPA	0.20079811285384613	0.23495300038615388	0.20957362936846152	0.13277923273384615	0.21207028176384618	0.20554047247769233	0.22141148194461538	0.2856354127253846	0.2661701042069231	0.23028476987076918	0.18775498976230767	0.24106090439153846	0.28974260590076917	0.21963883600076922	0.16319006210538461	0.08805619544923078	0.1016311008707692	0.24274785081076924	0.0	0.11494883367153846	0.16534236924384615	0.13129874645307693	0.2004864790630769	0.18518817402307686	0.17436584730153842	0.1916628080653846	0.21170590812923074	0.21082790418384612	0.16160485856769224	0.13406185136923077	0.1905386722492307	0.10179181226	0.21601763166846155	0.09907417908384615	0.20815646426846152	0.21735035950615383	0.1545151577415384	0.13605896556769229	0.20976107345615388	0.24702224596846156	0.520475706823077	0.34778921451692313	0.40021806132461535	0.21775924495769236	0.32038223894615386	0.2895510950146154	0.2966033753092308	0.2935901109976923	0.22307275518769226	0.2549579035861539	0.314262682673077	0.6569028299215385	0.3481297579153847	0.46742958026692316	0.20478458046230774	0.7360448518046153	0.4803630548215385	0.37949156052000005	0.40099374965769236	0.23633024136076924	0.4231104211061538	0.2703621429023077	0.17233750232538464	0.48646540633692315	0.1819234980438461	0.21284634931846158	0.1589913256153846	0.1716509600953846
Feb8-27_SPA	0.18749207535307694	0.26856129667	0.19821135692461536	0.13019526985153845	0.13838136402461537	0.11748968320615386	0.2001586420484615	0.31363486282461533	0.30397214875384615	0.21586624277769229	0.1865486333384615	0.24436219555384614	0.3141794878292308	0.22324391657076922	0.13078508866153848	0.11844012774846155	0.15102731596692304	0.28679103470384615	0.11494883367153846	0.0	0.18564413614923078	0.16279255327692305	0.21932969235461536	0.18771405401769226	0.17508874961153842	0.18840911016461537	0.20780647347153844	0.22791074853076923	0.17536756167923073	0.1366693736930769	0.18465705824999998	0.09215510334076922	0.12102557371538464	0.10280951673076921	0.23396323678923076	0.22327738554076923	0.1724382328838461	0.15353824980692304	0.12005417934153848	0.27386579468461536	0.44288490620846155	0.27147880269307695	0.3054851585407692	0.1622779358661539	0.3189622150207692	0.24108388895846156	0.23819458603307694	0.30707724308769224	0.16674607107769226	0.19459712547923086	0.25858845800615393	0.5662238475807693	0.26038136739769235	0.4060990156292308	0.14018890440307694	0.651849051813077	0.42274181813923073	0.30349828576692317	0.30479079679846155	0.1607706809815385	0.3318935026407693	0.1872266612723077	0.13167248523384611	0.406563937913077	0.20845707638153843	0.1776723452453846	0.1540882932838461	0.21048076967
Feb8-32_SPA	0.1833129615023077	0.12585516166384617	0.12833193336307694	0.1216943916546154	0.22899054514461542	0.23553519368153847	0.11545408992384618	0.19646356363384615	0.16395559073076924	0.12085537031307694	0.12312902859076927	0.14753098158615385	0.19652816908923076	0.14220787459846157	0.24609810061076923	0.13873978324692307	0.0969102027669231	0.14773456456692308	0.16534236924384615	0.18564413614923078	0.0	0.0815664503276923	0.08586469551461536	0.11858847022076925	0.1300273479469231	0.08743475104923079	0.09665521824999997	0.09988488642923077	0.09395838596846157	0.09676512659	0.12391630621153846	0.14105638479307692	0.2478964117446154	0.16707740550307693	0.12175857240615384	0.09994876113153847	0.10200802819461542	0.17295463350538465	0.2399180203846154	0.22225682624307697	0.5598076023484615	0.3749491551207692	0.42283764251	0.2976289533969231	0.19849414603923077	0.3828249913630769	0.345280891953077	0.18069952108153847	0.25420754427923076	0.29885311990846164	0.3478342259061539	0.6851928489915384	0.3869346723638462	0.5092110685092308	0.2568885756323077	0.77378782669	0.5263597715438462	0.43778301505000006	0.41544703863846155	0.30399054882	0.44953627911	0.3162624290646154	0.1944073452753846	0.5313502954484617	0.22502990164923076	0.2139278860146154	0.15929326096384616	0.1033115031976923
Feb8-33_SPA	0.1789054267623077	0.15229811840384616	0.11196251393076925	0.1024325211746154	0.2167370957215385	0.2168940349246154	0.12840362252538465	0.1996716188553846	0.18498970521076924	0.12079504168999997	0.09961704719538463	0.14178243450615385	0.20023740641076923	0.12686878778923075	0.2303315497861539	0.08489952672076923	0.05690807173153849	0.15376650284538462	0.13129874645307693	0.16279255327692305	0.0815664503276923	0.0	0.11044827017153844	0.09635058442384617	0.1050079430792308	0.08782063376153845	0.1138705205007692	0.12160398996	0.0727478518023077	0.07003950225153846	0.1232577419053846	0.11096996409769233	0.24555084269846156	0.131324954	0.11503455146153846	0.12388270804076923	0.08107431021923078	0.1326125458546154	0.22742397805538467	0.22089330583384617	0.5502728134900001	0.3619517791869231	0.41612627269923075	0.2596242337046154	0.21686498475	0.3491686939415385	0.31968614624230773	0.2020886611523077	0.2392839346653846	0.2937224738084616	0.3457327227569231	0.6785189937838463	0.3714831769023077	0.49237733664615385	0.2244836865692308	0.7630071366315385	0.5230305668853845	0.40945884096076923	0.4087600107184615	0.27755060511076923	0.4395983824684616	0.2918100727461539	0.17789081949384614	0.5196690362976923	0.19607838563384616	0.2049143755253846	0.14679919057153848	0.1070079339023077
Feb8-35_SPA	0.22070415497692306	0.11743886491230773	0.12711794218999997	0.15024747955076923	0.2195551459576923	0.2422925730161538	0.11068606012307691	0.1741503402761539	0.13656400539615388	0.1171062706953846	0.13690602994692308	0.14322357770538463	0.18034448231923078	0.16992154037923077	0.25522248331923075	0.1643575660538461	0.13304626100153846	0.1365489328184616	0.2004864790630769	0.21932969235461536	0.08586469551461536	0.11044827017153844	0.0	0.1154902316230769	0.13871551512769228	0.09811300752692305	0.06707948340307691	0.05254605166538462	0.10227399896307691	0.12950397907076922	0.16068874508461536	0.17188867324923074	0.2792316275238461	0.17630261526692304	0.12594613203923077	0.09180291703692312	0.1150107472123077	0.20668457114923078	0.27605008447153845	0.21314138025461538	0.561374279823077	0.3687932339153846	0.4181627000338461	0.330522217646923	0.1926290711415385	0.41457711668076924	0.36838285520153846	0.1713416928023077	0.26960102797230767	0.3118133500046154	0.35646867799923077	0.6950411225523077	0.3987252485999999	0.5194493772530769	0.2867181470807692	0.78589227268	0.5370978225953846	0.4528900459784615	0.41654011728999996	0.3474170368838462	0.451832109596923	0.30767442878230766	0.1853794612161538	0.5493786759707692	0.2407940683776923	0.21797419802153845	0.16400177879076921	0.1255051821984615
Feb8-37_SPA	0.18183709011230767	0.15942146104923077	0.07597651271307695	0.10959675708153843	0.17915998879153844	0.1857285533623077	0.1107699907523077	0.22590556217153848	0.20251144790846154	0.12408152285230768	0.0961838727253846	0.15157642218076922	0.2217764897946154	0.14639277661461536	0.22257933528692309	0.13217105124923073	0.11532656180615383	0.17418132357076926	0.18518817402307686	0.18771405401769226	0.11858847022076925	0.09635058442384617	0.1154902316230769	0.0	0.0785006398723077	0.0997812393023077	0.12317842191076923	0.09649454718230771	0.0727436533323077	0.11187220318461538	0.12830098138153845	0.1424706352230769	0.26005866591461535	0.13015705018384613	0.16041519891461542	0.14592399548615387	0.09529908084	0.14700291297846152	0.24702108489769228	0.18202469480076922	0.5143646831184616	0.31914670446769233	0.38185514220461536	0.2969374098115385	0.2255059226661539	0.38506877870846157	0.33251738987692314	0.2219200034423077	0.23733709891846147	0.2666164644600001	0.31171856507769236	0.6477356854338461	0.34772091811846156	0.4597992691361539	0.25786336662846154	0.7306065548384615	0.4941762053969231	0.407462815963077	0.3783078162284615	0.3161024003699999	0.4053617241692307	0.26585919719461537	0.15473832046230768	0.4995849373476923	0.20008059613307688	0.16314850979999995	0.11735534627538462	0.15457220353384618
Feb8-39_SPA	0.16847750189692307	0.18061791510615388	0.11479871430692311	0.09548694797538461	0.1897619504053846	0.1868688818284615	0.1224868998246154	0.22842790691000003	0.21681414162076929	0.13730193555692308	0.10250840393615383	0.15278117382384615	0.2242885506146154	0.14725031190076926	0.24639753482230767	0.11620514065999997	0.12293781873076923	0.19905112768769234	0.17436584730153842	0.17508874961153842	0.1300273479469231	0.1050079430792308	0.13871551512769228	0.0785006398723077	0.0	0.1040337987376923	0.13823652480923077	0.14139670466846155	0.07964640182769231	0.10153963997846155	0.13133933087230765	0.12836549247076923	0.25761007232692307	0.1389030258130769	0.14687581082538462	0.15027044050615385	0.10826410024923075	0.1546316345753846	0.2136608820376923	0.2128831324176923	0.5251154367138462	0.3274354392846154	0.393050598436923	0.2643588557207693	0.22876921951846158	0.36081259268692306	0.3089678284538462	0.2298657316715385	0.21875791891999996	0.2713032513769231	0.3253032863207693	0.6514635441492308	0.3384593930138462	0.4704901982838462	0.24818908240230764	0.7390401476476923	0.49856216166769224	0.40445035049692313	0.38654922621615384	0.2944787953315384	0.41170412538153844	0.26837424339461535	0.14749356525461538	0.4862753953046154	0.17853269538692307	0.1583481743630769	0.11342112009846152	0.1443587778661539
Feb8-41_SPA	0.16418960575	0.1384212088346154	0.0939829055353846	0.11380879061769231	0.19826273830153845	0.2009309267369231	0.08189697167923077	0.14862892447538462	0.17237698194769235	0.09299774148384618	0.09050871654153847	0.09226056564615381	0.15672036825384617	0.11206065268153848	0.27800677845692306	0.1364902870207692	0.11012233437307693	0.1414442864115385	0.1916628080653846	0.18840911016461537	0.08743475104923079	0.08782063376153845	0.09811300752692305	0.0997812393023077	0.1040337987376923	0.0	0.09092829836846153	0.09560909431846157	0.07504265777923078	0.10070304442692307	0.11161974540846151	0.1426383300053846	0.26535508821538467	0.1779012855276923	0.09436795682923074	0.08863927958230772	0.10908814087769232	0.17589444053461536	0.22576400877846153	0.22892797446615384	0.5557859696915384	0.35248226344538464	0.4113799971376923	0.2785364793061539	0.1746908940346154	0.3727657566646154	0.31487379561307693	0.15181667479538463	0.24327755760384612	0.3039412975376924	0.35367071273846157	0.6798195404484615	0.36723653407	0.5063928769723078	0.24181254709230765	0.7676473396976923	0.5344289516253846	0.43151124468846164	0.40019173533076924	0.29729835482461536	0.42778286227	0.2980645848430769	0.16259557360307691	0.5176684796238462	0.21274608171692305	0.18958675237153846	0.13867062098538463	0.08713399550846156
Feb8-43_SPA	0.19316046016769228	0.15855208083076927	0.13117572400384614	0.15153160200307692	0.22044319254846154	0.22858498640846153	0.10952151956923076	0.17863219651769235	0.18249779977769234	0.12868051463384617	0.15034664448846152	0.14609638698384614	0.19376684430846153	0.15811501662076924	0.2746154781823077	0.16837588372307688	0.13638073162153846	0.16031772697076926	0.21170590812923074	0.20780647347153844	0.09665521824999997	0.1138705205007692	0.06707948340307691	0.12317842191076923	0.13823652480923077	0.09092829836846153	0.0	0.08443439171153848	0.11430646308153845	0.12004717981384615	0.1573551308861538	0.15551506375692306	0.27081712526846147	0.18845323924999996	0.1145742443746154	0.08613204551538464	0.13740232553846154	0.20463952315692308	0.26170164613923075	0.24673572481153846	0.5555717568784615	0.36978755062307694	0.40857285537538457	0.31821727385307697	0.1867594310092308	0.4057156581469231	0.3475604545415385	0.17847048699615387	0.27804273288923076	0.3136233049815385	0.3633924621976924	0.6863707672676922	0.3894073443015385	0.5254669113638462	0.28376391470538465	0.7782032700753847	0.5403872119938462	0.45094277623538465	0.40519772243153845	0.33186119028538463	0.4495657430784615	0.29850837503461536	0.18925681236692307	0.5350765229292308	0.22859860074384614	0.20556094889692306	0.1742473733476923	0.11425123222153845
Feb8-45_SPA	0.21180924513307695	0.1234270505623077	0.10452021426461541	0.1556338073146154	0.20444386332923078	0.23070874790307694	0.10742011474384616	0.17347183151230772	0.14637515125538464	0.11140655000230772	0.1295289830092308	0.12856443254153846	0.17792837671999998	0.1647465818169231	0.25331469235076925	0.17338872991923077	0.14313516753615385	0.14147230609307693	0.21082790418384612	0.22791074853076923	0.09988488642923077	0.12160398996	0.05254605166538462	0.09649454718230771	0.14139670466846155	0.09560909431846157	0.08443439171153848	0.0	0.09646353864076926	0.13638930054846155	0.16490520624846153	0.1796371380930769	0.28617404962769233	0.18491651293692307	0.13588964503538462	0.10540739462846155	0.11704320627461542	0.20259255025615386	0.2811165849661538	0.1944391025476923	0.5493002915330769	0.3547609882961539	0.4133322143053846	0.33822087785076926	0.19899622110076923	0.4285059575953846	0.37039531890692307	0.1787872378476923	0.2756936642053846	0.30298774979153853	0.3443381657553847	0.6827808171038461	0.3943223772715384	0.5018309788307692	0.29769698131538463	0.7702296278669232	0.5238544889561538	0.44345441183153844	0.4100020538676923	0.3541724967384615	0.4433590369976923	0.2996197669046154	0.19340900705846156	0.5409063177284616	0.24082152128461537	0.19698808519307695	0.16173395275153848	0.13937912941923075
Feb8-47_SPA	0.17961734695846154	0.1328517815415385	0.0929552616146154	0.09794184352461537	0.19643700878692305	0.20134705704230768	0.1034865731323077	0.20236348239307694	0.1686486594638462	0.10860414243230768	0.0838809137576923	0.12361082444692309	0.1974423046623077	0.14453228609000002	0.2313732416376923	0.10776375822307689	0.09754376372000001	0.14732461458769233	0.16160485856769224	0.17536756167923073	0.09395838596846157	0.0727478518023077	0.10227399896307691	0.0727436533323077	0.07964640182769231	0.07504265777923078	0.11430646308153845	0.09646353864076926	0.0	0.08976948104153848	0.11673499502153843	0.1330625359276923	0.26191750205769226	0.13791204437153842	0.12084847253153849	0.12167628882769232	0.06678350350615385	0.13233253695384617	0.22949441278384616	0.1969500180392308	0.53794121948	0.3419608485015385	0.41124867187384617	0.28067268942384616	0.20797179839538465	0.3754192511669231	0.3290132829569231	0.2010868831715385	0.21900478741999996	0.27979406578615384	0.3333235339084616	0.6727992082661538	0.3594436033076923	0.4852365212853846	0.24828183996230768	0.754687652189231	0.5086534819646154	0.41024957212153845	0.40299825365923075	0.3046327206576923	0.41941096710153836	0.2899457006992307	0.15039233879923075	0.5090589674707693	0.1999371051976923	0.17946494446307693	0.12666041675384615	0.12376243204461541
